start=356.022333
pause=yes
volume=36.000000
