start=333.875000
pause=yes
volume=36.000000
