start=399.359200
pause=yes
volume=36.000000
