start=943.433433
volume=40.000000
vid=2
