start=840.750832
volume=40.000000
vid=1
