start=897.105500
volume=92.000000
