start=1136.720056
volume=44.000000
