start=5000.078000
pause=yes
volume=26.000000
