start=665.873544
pause=yes
volume=30.000000
