start=181.598000
volume=38.000000
