start=646.947422
pause=yes
volume=40.000000
