start=0.007000
pause=yes
volume=38.000000
