start=1298.422122
speed=2.143589
pause=yes
volume=60.000000
