start=413.580244
pause=yes
volume=44.000000
