start=1424.338878
volume=46.000000
