start=1495.516667
pause=yes
volume=44.000000
